0.00025055034
0.00021307133
0.00013903767
0.00035869816
0.00050680037
0.00020544443
0.00019428575
0.00015011599
5.4497163e-05
0.00038759157
0.00013785376
0.002153778
0.000577155
0.00015891372
0.0015641393
0.00013635984
0.0006079905
0.00014214286
0.000816104
8.451918e-05
0.005178143
0.0001853874
0.0004127037
2.3889585e-05
0.00020735749
6.960496e-05
8.213122e-05
0.0002149027
0.00019546958
0.00020079728
4.9073882e-05
0.00047497402
4.2683354e-05
0.0019007118
0.000546074
6.229037e-05
0.0016315116
0.00013614508
0.00071637775
0.000109358945
0.0017470738
9.816369e-05
0.0048226225
0.00019657849
0.00039092178
0.00020629556
6.0698214e-05
0.00026135822
0.00036099245
0.00024202044
0.0001293868
0.0001870037
4.4553595e-05
0.00050292886
4.313403e-05
0.0022145386
0.0004845056
0.0002687761
0.0016259212
0.0002282099
0.0006517066
0.00015558694
0.0007587081
0.00027785476
0.004216387
0.0002913962
0.00042119322
6.2976884e-05
0.00020131606
0.0002844287
0.00048089985
0.00028016823
0.000117527205
0.00027213542
6.91211e-05
0.0002525739
0.000117543
0.0013211191
0.0005435178
0.00026479596
0.0015742749
0.0001380466
0.00041922645
0.000116888565
0.0008692009
0.00011682328
0.0038456297
0.00029424118
0.000483616
8.3465e-05
0.00027905442
5.841246e-05
0.00050555123
0.00032689606
0.00019143094
0.00021313147
6.6830944e-05
0.00045877887
3.5028497e-05
0.0022422534
0.0007102847
8.348561e-05
0.0018537492
9.7883545e-05
0.00061171385
0.00019740342
0.0018052135
0.0001371272
0.00306035
0.00025250696
